function [verite] = get_verite_terrain()
verite = [
    42
    52
    142
    163
    187
    200
    221
    248
    256
    268
    307
    485
    526
    552
    561
    582
    595
    615
    635
    664
    690
    705
    720
    746
    812
    821
    853
    903
    956
    975
    998
    1027
    1062
    1099
    1120
    1144
    1177
    1220
    1255
    1293
    1335
    1367
    1444
    1573
    1582
    1655
    1735
    1812
    1871
    1895
    1909
    1960
    2007
    2016
    2106
    2147
    2184
    2243
    2487
    2526
    2617
    2688
    2766
    2775
    2808
    2829
    2858
    2881
    2917
    2934
    2962
    2978
    3011
    3086
    3179
    3277
    3287
];
end

